In-sample
Sum of true values
60    13.715513
70    13.458558
80    13.830065
90    13.317897
95    14.255307
98    13.572157
Name: true, dtype: float64
Naive estimator error:
60    16.169877
70    17.367074
80    22.582676
90    29.915958
95    26.394499
98    33.911250
B2BD baseline error:
60    15.922467
70    15.856906
80    16.317408
90    14.682947
95    21.711669
98    25.786875
B2BD T-reg error:
60    22.086809
70    20.672803
80    18.650903
90    23.486154
95    23.701610
98    25.084436
Meta-learner estimator error:
60    15.674429
70    19.641516
80    22.629913
90    30.476598
95    31.263712
98    44.430821
Hydranet baseline error:
60    1.446780
70    1.409625
80    1.934467
90    2.539721
95    4.689052
98    4.878205
Hydranet  T-reg error:
60    1.789790
70    1.313520
80    1.851836
90    2.910265
95    4.925627
98    6.875169
*******
Out-sample
Sum of true values
60    14.723152
70    14.975138
80    14.305429
90    16.748944
95    13.683306
98    18.302999
Name: true, dtype: float64
Naive estimator error:
60    35.895688
70    41.731251
80    47.037898
90    46.793996
95    60.902345
98    66.997286
B2BD baseline error:
60    20.421087
70    28.711164
80    20.598248
90    22.024758
95    32.619698
98    31.866882
B2BD T-reg error:
60    25.725156
70    30.470015
80    22.210459
90    28.719790
95    35.497435
98    30.280918
Meta-learner estimator error:
60    14.690280
70    14.531501
80    20.445160
90    28.210994
95    28.771984
98    42.878315
Hydranet baseline error:
60    1.835876
70    1.800476
80    2.178225
90    3.089921
95    5.007007
98    5.697347
Hydranet  T-reg error:
60    2.091102
70    1.933687
80    2.191775
90    3.300637
95    4.838616
98    7.066297
*******
